Multiple size <= 100
TEST 1 ARG:33 7 97 8 6 63 55 54 71 25 62 50 73 2 49 11 94 27 15 28 89 47 56 74 0 69 72 66 95 90 75 29 10 16 1 31 45 64 9 36 57 48 40 53 26 43 58 78 70 37 12 92 80 44 30 87 81 84 59 60 35 41 98 20 17 99 88 77 32 93 85 79 61 14 96 65 83 13 42 22 82 67 23 5 24 3 39 51 91 52 18 68 4 86 46 34 76 38 21 19
TEST 2 ARG:41 32 16 38 57 40 72 78 36 80 34 99 59 77 4 89 70 42 96 65 68 93 94 31 0 98 1 24 25 66 56 63 20 30 58 13 8 47 84 85 87 29 86 33 27 45 49 44 61 92 21 62 14 23 39 76 73 54 55 19 64 90 71 46 9 95 48 35 82 15 51 26 75 52 97 79 50 18 28 53 74 83 7 67 88 91 60 69 22 10 12 6 81 43 17 37 3 5 2 11
TEST 4 ARG:27 34 94 46 17 98 96 61 24 65 62 30 57 80 75 44 58 35 81 67 4 56 31 39 0 50 60 20 26 66 12 95 90 88 10 42 89 72 14 93 47 18 3 43 53 97 76 99 37 28 15 73 29 38 68 78 49 9 41 8 64 84 63 25 7 1 54 21 22 11 19 83 85 86 74 87 36 69 79 77 70 51 2 5 40 59 92 55 82 33 52 13 45 71 6 91 16 23 32 48
TEST 7 ARG:33 81 63 13 89 73 64 41 26 90 62 65 53 77 74 11 44 32 49 58 68 42 66 28 4 88 85 99 10 35 30 17 34 91 82 56 36 52 24 70 79 22 20 94 45 7 31 47 92 55 95 1 21 84 2 29 9 8 69 18 96 86 71 48 25 98 6 23 72 38 80 15 27 16 83 46 75 59 76 67 14 50 12 19 87 57 93 60 54 3 39 5 61 37 0 40 51 78 97 43
TEST 9 ARG:43 91 32 19 60 50 99 83 76 24 1 66 15 84 68 75 54 33 47 49 51 37 20 80 61 62 25 38 6 92 27 94 86 10 52 96 5 59 14 7 16 23 88 55 87 11 79 45 41 57 8 64 48 18 63 29 9 21 3 74 40 2 31 58 53 69 13 4 81 97 35 82 93 22 77 42 71 98 28 17 26 46 95 90 12 73 0 36 44 85 70 39 34 72 89 78 30 56 67 65
TEST 11 ARG:12 89 20 73 96 44 90 64 52 14 27 85 65 30 49 7 29 56 74 53 98 69 16 67 8 47 24 1 0 6 82 36 51 5 26 60 59 97 78 95 93 94 4 57 63 11 19 21 86 43 25 3 72 58 17 45 31 71 33 54 50 10 80 55 46 68 28 77 37 2 79 42 40 34 35 13 92 66 15 88 39 38 32 61 9 99 81 22 18 91 87 62 23 76 48 70 75 84 41 83
TEST 17 ARG:32 16 18 19 1 20 82 98 87 21 92 39 25 77 14 74 17 3 36 67 75 42 40 91 11 61 27 23 65 84 29 44 63 88 57 26 13 47 71 10 6 46 64 83 81 5 49 41 34 51 37 95 28 56 62 76 54 52 68 79 24 2 99 78 94 45 80 48 12 59 97 55 43 96 66 90 38 4 89 72 86 53 9 30 60 85 7 35 33 31 73 58 70 50 0 8 93 15 22 69
TEST 23 ARG:24 1 38 41 9 64 16 96 10 89 43 39 60 17 79 57 74 54 99 67 82 56 11 15 48 75 32 7 19 58 12 22 47 85 61 84 20 59 18 8 63 94 29 65 97 83 92 49 80 52 51 71 73 53 70 69 30 0 90 95 46 31 45 13 91 14 55 72 37 76 77 81 93 36 68 62 50 26 6 78 66 44 25 5 28 4 87 88 86 3 34 2 33 21 27 98 35 23 42 40
TEST 25 ARG:83 75 15 66 5 87 84 62 96 32 6 17 74 14 92 4 13 98 33 90 73 10 37 49 88 47 31 2 78 82 58 77 1 18 38 76 28 29 43 7 97 21 71 65 60 19 93 51 48 61 25 72 3 68 26 12 27 41 30 89 50 40 81 34 36 55 23 59 52 20 11 44 22 46 42 0 85 54 53 35 80 94 95 86 79 67 99 24 91 70 45 64 63 9 69 56 57 39 8 16
TEST 26 ARG:70 48 35 49 19 27 68 66 94 25 69 95 99 40 28 43 34 64 29 7 14 46 11 41 5 50 63 44 20 36 16 54 97 79 33 56 42 60 26 53 86 18 55 30 24 10 13 85 22 31 32 15 6 8 82 90 4 57 71 59 87 91 83 93 61 73 3 21 51 45 1 65 37 77 38 89 81 72 62 0 84 47 39 75 52 23 78 92 88 98 12 74 76 9 58 17 67 96 2 80
TEST 27 ARG:57 92 89 48 9 5 35 0 39 98 62 46 30 41 25 14 67 43 10 28 86 97 20 7 40 76 82 84 81 33 47 96 34 70 93 21 71 60 78 74 27 42 87 16 11 19 68 77 24 13 4 73 38 58 79 53 90 2 69 45 37 32 23 59 55 3 88 65 52 72 63 8 66 64 44 85 1 50 18 49 22 94 51 54 75 6 26 12 56 61 83 36 15 29 95 80 17 31 99 91
TEST 31 ARG:20 27 23 11 55 37 10 71 21 44 34 98 58 30 91 7 0 33 62 12 89 14 8 19 67 75 59 96 76 77 13 80 26 3 82 74 38 25 57 65 41 86 95 56 53 15 94 90 97 88 54 22 24 61 40 73 43 99 85 45 29 48 79 47 70 68 6 93 78 16 42 1 2 51 84 83 66 9 17 36 87 81 52 32 50 5 28 64 49 69 39 72 60 35 63 4 18 92 46 31
TEST 32 ARG:62 20 18 3 37 82 61 48 27 68 15 52 70 73 95 90 38 25 75 8 43 93 80 17 34 11 33 94 53 36 51 26 7 16 89 29 14 63 57 56 86 85 59 47 39 91 84 87 24 64 4 54 45 49 1 76 22 31 23 67 5 30 66 65 81 10 79 35 2 96 0 44 6 60 9 99 42 55 88 92 74 40 83 13 19 50 21 46 58 32 28 71 41 69 78 97 72 12 77 98
TEST 39 ARG:50 61 97 77 9 43 44 6 87 49 68 79 1 55 93 46 30 34 40 69 35 45 47 21 80 66 86 53 83 17 15 7 3 38 10 51 90 60 73 92 72 67 37 96 85 25 0 94 5 84 18 11 58 76 8 70 75 98 78 74 71 41 26 54 12 4 57 28 2 82 31 59 19 52 27 42 62 29 89 64 16 32 14 22 48 56 33 99 65 88 24 20 95 81 39 23 63 13 91 36
TEST 43 ARG:66 74 90 7 19 50 94 2 62 35 3 38 64 53 84 96 86 75 31 5 70 71 29 26 51 39 61 22 42 34 43 87 56 32 80 88 41 68 0 93 65 9 72 27 20 98 83 28 13 73 89 47 48 10 12 82 44 25 1 4 58 11 69 67 91 33 49 52 54 23 30 45 57 81 97 24 8 18 79 76 40 59 37 14 16 6 95 78 99 77 17 21 36 85 46 55 15 63 92 60
TEST 47 ARG:30 12 96 3 24 61 77 27 14 19 33 95 53 20 48 83 54 81 67 68 73 66 36 8 10 50 60 92 88 59 0 69 7 9 89 43 70 62 76 16 99 40 42 31 56 84 94 2 45 85 5 41 4 80 26 93 1 17 91 57 25 18 22 58 72 74 97 21 35 90 71 98 46 15 51 75 23 49 29 82 13 44 55 38 11 64 79 37 32 86 34 47 39 65 6 87 52 78 63 28
TEST 48 ARG:79 60 63 13 64 4 76 10 41 88 61 98 25 40 36 72 47 90 2 3 96 18 85 20 21 27 52 94 23 1 43 12 80 28 53 39 16 65 31 71 46 95 58 17 50 84 82 42 44 9 22 51 56 59 67 5 66 70 45 29 49 30 83 68 81 78 55 38 69 32 11 6 77 19 87 57 26 34 99 97 48 75 14 92 37 0 86 89 7 91 35 15 73 8 74 24 54 62 93 33
TEST 53 ARG:13 55 80 41 87 26 68 64 0 25 97 39 14 98 95 49 63 59 38 83 8 34 56 86 79 65 71 84 78 4 37 94 48 29 3 44 28 40 12 96 58 61 22 62 33 57 19 52 10 5 7 81 60 21 45 46 27 35 32 6 66 92 42 72 24 85 73 20 76 36 75 51 77 31 99 93 1 11 54 18 53 89 82 43 67 70 90 9 50 2 74 15 17 69 47 30 23 91 88 16
TEST 57 ARG:3 69 5 99 84 79 73 36 8 39 67 95 64 20 81 21 49 77 44 65 30 13 52 85 42 60 16 15 74 94 19 88 83 87 47 66 58 28 11 37 22 48 7 76 63 0 26 14 55 89 82 59 62 1 12 54 50 61 9 38 6 70 24 25 56 75 43 71 68 27 2 32 18 78 92 90 10 91 80 31 29 35 57 33 93 45 96 72 17 98 86 23 40 41 53 4 51 97 34 46
TEST 58 ARG:26 25 43 29 28 49 78 72 35 63 9 36 23 45 89 74 14 42 48 80 3 54 65 59 46 87 90 15 13 4 1 40 71 55 21 20 86 61 8 50 85 64 19 24 67 96 17 62 34 11 6 30 52 91 76 88 77 33 82 95 93 7 69 0 44 58 68 2 73 56 83 41 16 31 38 66 10 60 37 51 94 75 32 22 97 99 98 57 84 12 5 70 79 39 27 47 92 81 18 53
TEST 59 ARG:64 15 34 29 58 70 66 9 19 86 36 69 24 65 14 50 18 32 67 90 46 93 84 47 71 27 92 45 82 75 13 73 35 39 57 96 85 48 55 54 63 8 53 80 68 49 1 12 16 31 23 20 81 88 21 5 42 28 97 52 3 30 0 61 98 78 87 59 83 79 22 62 17 4 76 72 60 40 38 33 26 74 37 2 51 95 43 44 10 41 6 11 7 99 77 94 56 91 25 89
TEST 62 ARG:64 90 78 7 85 97 25 88 57 4 46 81 63 60 41 50 0 34 19 22 39 94 1 30 8 40 11 45 36 9 92 20 18 87 28 48 21 43 68 42 15 65 17 67 70 80 49 59 27 6 71 98 24 74 91 76 2 32 66 33 56 95 75 47 93 23 16 73 38 89 82 13 77 51 29 53 83 96 52 99 79 14 3 61 58 12 10 55 72 69 54 35 37 84 5 31 62 26 86 44
TEST 63 ARG:9 50 20 26 69 58 60 36 51 86 93 23 41 75 92 4 35 80 43 45 98 19 29 90 71 91 44 13 61 76 1 57 12 73 64 87 27 97 14 38 82 85 17 15 33 18 31 72 42 28 24 67 88 63 37 46 96 7 66 10 56 6 54 0 5 68 89 99 83 3 77 59 65 81 95 2 52 11 78 16 39 49 25 34 79 22 47 40 32 21 84 94 55 30 74 70 48 53 62 8
TEST 65 ARG:35 89 90 42 18 71 36 22 79 8 65 13 87 3 52 29 16 97 94 2 21 38 33 41 75 99 59 84 95 11 92 46 20 62 39 67 24 73 49 96 31 55 23 81 70 7 77 68 58 1 34 91 54 88 72 25 14 26 74 93 60 48 82 98 83 69 86 85 40 56 6 0 37 30 43 17 10 80 53 76 66 50 19 47 15 28 4 5 27 45 9 51 57 63 32 61 78 12 44 64
TEST 67 ARG:76 45 0 66 74 50 36 61 92 18 91 9 77 58 8 82 97 84 40 33 43 37 4 59 44 42 27 26 86 19 89 60 67 53 99 20 11 30 72 46 56 17 78 5 81 10 51 57 87 63 68 22 32 21 47 6 64 95 12 25 38 3 29 71 34 88 85 96 75 48 62 98 94 70 28 80 69 7 55 39 2 49 23 15 90 83 54 35 41 13 16 14 73 65 31 79 52 1 93 24
TEST 68 ARG:44 88 25 91 42 94 85 93 66 23 57 19 26 5 59 70 90 4 54 55 27 24 50 52 48 36 20 12 56 99 16 11 10 89 17 97 86 65 79 53 0 41 35 75 21 9 76 38 14 6 31 39 3 64 1 58 32 78 51 83 18 67 47 60 71 80 28 29 61 8 73 82 68 37 2 84 22 49 30 77 81 33 98 92 7 45 74 34 87 69 95 96 63 62 43 72 46 15 13 40
TEST 75 ARG:66 4 14 8 29 83 89 42 61 46 90 50 97 64 26 16 79 81 78 17 39 68 12 86 85 67 70 84 54 33 36 99 55 22 92 0 62 51 53 30 91 49 31 3 34 1 7 96 80 88 72 28 45 59 19 25 38 6 56 77 35 15 47 10 18 71 43 82 76 13 58 69 94 9 75 27 95 37 98 63 11 20 73 24 5 57 74 87 60 32 65 44 2 93 41 40 52 21 48 23
TEST 78 ARG:87 70 75 19 97 83 80 46 52 7 11 4 71 14 23 30 40 67 82 88 78 48 55 90 25 68 29 45 5 50 8 15 12 21 60 56 42 13 6 27 2 86 31 51 3 94 9 61 16 76 91 69 65 33 63 36 81 18 22 74 39 57 73 62 77 85 93 24 98 0 66 96 64 28 17 43 49 32 26 47 44 10 38 89 92 41 37 20 99 54 34 1 58 84 59 72 53 95 79 35
TEST 80 ARG:7 94 44 41 6 39 54 71 73 97 43 32 98 51 26 35 72 16 93 27 88 83 59 23 53 38 78 82 66 75 56 60 84 79 90 87 28 8 69 77 91 0 76 95 85 31 11 50 24 3 68 45 86 96 55 40 64 9 13 63 10 74 81 22 62 36 67 4 89 52 20 92 29 21 58 57 12 65 99 42 70 33 61 34 14 1 49 25 46 80 5 19 18 2 48 47 30 15 37 17
TEST 82 ARG:40 84 2 57 92 99 22 9 67 87 88 98 45 47 64 55 75 94 21 41 51 56 74 61 85 86 52 53 96 58 12 79 73 6 54 71 31 15 44 50 90 14 78 26 72 19 46 36 16 3 35 77 13 43 0 89 11 68 5 27 59 25 1 81 60 80 17 10 18 24 62 42 33 83 30 4 7 39 95 97 76 93 34 38 48 49 69 29 23 82 32 37 66 28 91 65 8 20 63 70
TEST 83 ARG:18 7 91 96 35 3 47 83 22 85 41 37 97 67 55 61 51 81 12 15 46 33 79 65 24 38 86 59 76 25 30 28 98 40 43 74 69 99 42 72 58 50 45 87 10 84 48 1 68 44 95 29 53 20 89 39 14 71 9 0 26 16 23 8 34 36 92 93 66 75 6 70 2 73 17 64 19 88 52 77 32 78 63 80 62 13 94 4 60 21 56 82 27 5 54 31 11 57 90 49
TEST 85 ARG:70 77 95 29 16 66 27 6 47 59 79 85 24 51 22 54 2 72 25 88 97 64 84 62 33 78 18 8 12 58 63 9 90 68 39 53 50 4 28 98 11 93 43 30 23 73 75 69 56 83 37 86 48 52 34 71 44 26 80 32 89 57 14 13 15 3 46 35 7 21 17 19 31 0 41 40 20 82 45 94 5 67 49 60 65 96 74 61 76 55 87 36 1 91 81 38 10 42 92 99
TEST 88 ARG:60 13 40 53 38 37 96 5 33 61 26 70 2 22 89 67 6 72 64 4 57 85 69 28 44 12 49 54 29 82 15 87 80 30 86 93 27 47 55 62 88 31 9 20 74 99 23 35 94 71 75 56 95 98 0 63 10 24 91 76 41 18 17 34 25 1 14 68 59 77 48 58 39 52 7 11 43 32 84 19 46 16 8 21 81 36 51 50 83 92 78 90 42 66 3 73 79 97 65 45
TEST 89 ARG:69 61 79 64 10 76 17 15 88 16 23 1 35 67 84 68 96 90 46 63 70 11 22 60 20 2 74 53 94 47 25 8 81 34 58 54 83 66 14 92 30 42 91 87 59 43 38 85 33 9 71 18 57 78 52 19 65 73 50 48 89 24 5 82 31 3 49 0 56 86 41 4 13 37 36 27 51 21 62 95 99 39 45 72 28 75 93 6 77 97 44 98 7 80 29 40 12 55 26 32
TEST 92 ARG:87 76 21 94 68 48 23 71 69 27 51 70 5 72 42 6 84 89 24 20 65 60 80 66 41 3 15 0 2 34 30 46 74 63 28 64 7 40 1 31 96 54 35 22 55 19 49 43 38 73 95 91 50 93 99 56 45 12 52 81 77 75 82 98 18 37 97 25 16 53 13 44 26 79 36 39 8 47 57 33 86 62 92 11 88 14 83 59 9 61 17 10 67 58 4 78 29 32 90 85
TEST 96 ARG:33 95 80 87 63 73 58 88 92 64 84 82 7 93 29 46 50 36 91 61 17 18 26 21 6 20 24 83 67 74 77 23 60 28 25 54 40 65 38 35 3 31 22 37 9 10 14 5 32 45 56 59 81 12 71 19 49 98 96 79 34 1 78 69 89 42 75 97 44 39 11 41 13 68 16 53 66 62 55 0 52 27 43 15 76 51 48 57 94 30 90 2 85 99 72 70 47 4 86 8
TEST 100 ARG:96 39 76 30 36 3 99 66 29 47 24 95 83 97 85 72 65 77 75 19 60 13 10 59 11 88 91 64 51 25 2 9 28 54 63 56 69 92 43 48 67 18 37 45 86 46 98 35 5 8 7 71 16 58 73 42 53 12 15 33 57 49 89 52 79 68 38 17 31 70 62 23 61 26 20 41 22 14 27 50 84 90 81 55 0 78 74 34 93 40 44 80 82 1 87 94 6 32 4 21
TEST 101 ARG:57 70 35 65 14 86 60 94 76 54 15 84 46 77 91 88 62 99 41 49 30 27 19 33 12 64 80 48 17 18 90 97 2 87 7 74 81 95 61 82 89 85 50 59 11 96 37 78 8 68 47 55 32 52 28 10 71 92 22 93 72 5 67 20 58 73 25 66 98 6 34 31 23 79 51 39 16 53 9 38 13 29 83 75 63 26 44 3 45 24 40 36 43 56 4 42 21 69 0 1
TEST 102 ARG:4 62 91 10 84 74 32 50 1 87 48 60 73 71 81 82 18 5 78 70 21 37 75 68 25 52 90 39 16 12 76 35 89 46 8 26 45 99 93 77 42 86 83 88 28 43 15 65 34 67 7 3 17 6 54 13 66 96 33 72 94 56 2 27 98 55 22 29 31 38 24 97 30 23 59 49 53 14 69 61 41 51 11 58 63 80 40 20 47 92 57 79 64 36 9 0 19 44 85 95
TEST 106 ARG:14 58 39 35 86 29 38 4 27 51 76 2 54 25 46 90 87 26 84 55 31 96 49 0 7 34 45 74 65 92 68 32 98 60 53 73 94 56 5 9 50 75 1 41 67 97 95 81 21 23 42 77 57 64 83 22 62 59 8 20 24 6 93 12 47 82 61 79 72 66 70 16 69 13 30 88 19 99 10 85 37 80 63 17 89 36 28 71 48 91 33 11 52 43 40 18 44 15 3 78
TEST 107 ARG:60 14 29 94 69 47 96 59 21 81 24 50 26 87 16 92 10 75 57 11 23 3 19 7 30 78 91 22 63 61 76 34 18 64 83 79 70 8 39 27 13 46 52 36 4 77 25 56 54 17 84 40 95 93 44 43 80 86 90 98 89 42 85 37 99 55 33 28 20 9 38 62 49 1 58 35 74 66 0 71 68 97 82 51 73 2 65 48 72 45 67 12 88 5 32 15 41 31 6 53
TEST 108 ARG:45 7 89 84 6 80 98 52 75 36 65 43 79 71 21 10 51 35 42 72 13 14 3 82 25 28 44 49 74 86 29 37 23 91 54 64 9 68 46 58 56 67 95 57 90 40 11 97 76 87 27 92 50 99 26 20 18 59 77 78 0 16 39 30 70 96 81 94 66 1 83 47 55 85 5 41 48 4 17 93 38 62 34 53 2 19 33 24 32 12 63 88 31 60 69 73 22 8 61 15
TEST 109 ARG:52 62 61 79 45 35 4 39 24 46 21 85 12 16 17 25 67 60 32 78 90 91 5 48 82 63 14 72 9 0 86 37 6 87 27 71 57 13 68 20 74 34 10 95 73 55 44 7 69 80 36 75 59 58 40 84 29 92 41 99 64 76 22 11 54 38 66 49 93 26 89 97 30 98 23 3 88 15 83 2 77 51 65 96 19 43 53 1 47 18 8 28 94 31 81 50 33 70 42 56
TEST 116 ARG:80 14 85 74 64 1 4 36 91 7 13 5 38 41 88 52 83 17 95 94 71 24 40 25 87 68 3 19 86 43 84 66 50 15 77 32 48 76 34 0 97 99 35 75 18 96 90 33 72 57 6 78 59 45 23 2 11 51 30 54 81 28 31 27 73 26 39 63 92 29 20 56 79 44 65 10 53 70 61 82 16 62 93 21 22 60 12 49 46 47 67 69 89 42 37 8 9 58 55 98
TEST 120 ARG:40 26 91 18 98 56 84 82 90 63 64 4 34 0 2 67 97 48 38 10 29 22 47 87 45 88 1 37 92 89 25 43 69 76 94 58 79 99 32 5 24 77 46 55 70 12 42 74 39 62 54 80 50 93 19 23 73 8 31 17 35 96 9 71 20 27 11 15 86 65 7 75 28 3 6 61 72 44 49 21 78 53 57 36 95 83 52 30 85 68 59 51 66 81 14 60 41 33 16 13
TEST 123 ARG:92 45 79 72 94 35 44 31 63 11 12 55 34 65 33 43 17 97 9 71 7 25 14 64 16 58 57 6 77 21 23 60 91 0 10 74 3 37 20 88 73 30 8 83 95 75 85 51 22 5 86 66 59 90 26 2 49 84 1 53 87 78 61 39 89 52 82 93 15 76 99 13 96 41 40 98 50 67 47 42 48 32 27 19 80 28 54 81 70 29 69 24 68 62 46 4 36 38 56 18
